(kicad_pcb (version 20171130) (host pcbnew "(5.1.5)-3")

  (general
    (thickness 1.6)
    (drawings 32)
    (tracks 61)
    (zones 0)
    (modules 39)
    (nets 33)
  )

  (page A4)
  (title_block
    (title "AMG8833 Thermal Camera")
    (date 2020-04-11)
    (company "Ryan Rife")
  )

  (layers
    (0 F.Cu signal)
    (31 B.Cu signal)
    (32 B.Adhes user)
    (33 F.Adhes user)
    (34 B.Paste user)
    (35 F.Paste user)
    (36 B.SilkS user)
    (37 F.SilkS user)
    (38 B.Mask user)
    (39 F.Mask user)
    (40 Dwgs.User user)
    (41 Cmts.User user)
    (42 Eco1.User user)
    (43 Eco2.User user)
    (44 Edge.Cuts user)
    (45 Margin user)
    (46 B.CrtYd user)
    (47 F.CrtYd user)
    (48 B.Fab user hide)
    (49 F.Fab user hide)
  )

  (setup
    (last_trace_width 0.4)
    (user_trace_width 0.2)
    (user_trace_width 0.4)
    (trace_clearance 0.4)
    (zone_clearance 0.508)
    (zone_45_only no)
    (trace_min 0.2)
    (via_size 0.6)
    (via_drill 0.3)
    (via_min_size 0.2)
    (via_min_drill 0.3)
    (uvia_size 0.3)
    (uvia_drill 0.1)
    (uvias_allowed no)
    (uvia_min_size 0.2)
    (uvia_min_drill 0.1)
    (edge_width 0.05)
    (segment_width 0.2)
    (pcb_text_width 0.3)
    (pcb_text_size 1.5 1.5)
    (mod_edge_width 0.12)
    (mod_text_size 1 1)
    (mod_text_width 0.15)
    (pad_size 0.4 1.35)
    (pad_drill 0)
    (pad_to_mask_clearance 0.051)
    (solder_mask_min_width 0.25)
    (aux_axis_origin 0 0)
    (visible_elements 7FFFFFFF)
    (pcbplotparams
      (layerselection 0x010f0_ffffffff)
      (usegerberextensions false)
      (usegerberattributes false)
      (usegerberadvancedattributes false)
      (creategerberjobfile false)
      (excludeedgelayer true)
      (linewidth 0.100000)
      (plotframeref false)
      (viasonmask false)
      (mode 1)
      (useauxorigin true)
      (hpglpennumber 1)
      (hpglpenspeed 20)
      (hpglpendiameter 15.000000)
      (psnegative false)
      (psa4output false)
      (plotreference true)
      (plotvalue true)
      (plotinvisibletext false)
      (padsonsilk true)
      (subtractmaskfromsilk false)
      (outputformat 1)
      (mirror false)
      (drillshape 0)
      (scaleselection 1)
      (outputdirectory "C:/Users/rwrif/Desktop/jclpcb/"))
  )

  (net 0 "")
  (net 1 GND)
  (net 2 +3V3)
  (net 3 "Net-(C4-Pad1)")
  (net 4 "Net-(C5-Pad2)")
  (net 5 "Net-(C5-Pad1)")
  (net 6 "Net-(R1-Pad2)")
  (net 7 "Net-(R2-Pad1)")
  (net 8 SCLK_CAM)
  (net 9 MISO_CAM)
  (net 10 MOSI_CAM)
  (net 11 CS_CAM)
  (net 12 MCU_RX)
  (net 13 MCU_TX)
  (net 14 SCL)
  (net 15 SDA)
  (net 16 RESET_TFT)
  (net 17 CS_TFT)
  (net 18 MOSI_TFT)
  (net 19 SCLK_TFT)
  (net 20 DC_TFT)
  (net 21 "Net-(C8-Pad1)")
  (net 22 "Net-(D1-Pad1)")
  (net 23 LED0)
  (net 24 "Net-(D2-Pad1)")
  (net 25 BOOT0)
  (net 26 BUTTON0)
  (net 27 BUTTON1)
  (net 28 "Net-(C11-Pad1)")
  (net 29 "Net-(R11-Pad1)")
  (net 30 "Net-(R12-Pad1)")
  (net 31 "Net-(BOOT1-Pad1)")
  (net 32 +5V)

  (net_class Default "This is the default net class."
    (clearance 0.4)
    (trace_width 0.4)
    (via_dia 0.6)
    (via_drill 0.3)
    (uvia_dia 0.3)
    (uvia_drill 0.1)
    (add_net +3V3)
    (add_net +5V)
    (add_net BOOT0)
    (add_net BUTTON0)
    (add_net BUTTON1)
    (add_net CS_CAM)
    (add_net CS_TFT)
    (add_net DC_TFT)
    (add_net GND)
    (add_net LED0)
    (add_net MCU_RX)
    (add_net MCU_TX)
    (add_net MISO_CAM)
    (add_net MOSI_CAM)
    (add_net MOSI_TFT)
    (add_net "Net-(BOOT1-Pad1)")
    (add_net "Net-(C11-Pad1)")
    (add_net "Net-(C4-Pad1)")
    (add_net "Net-(C5-Pad1)")
    (add_net "Net-(C5-Pad2)")
    (add_net "Net-(C8-Pad1)")
    (add_net "Net-(D1-Pad1)")
    (add_net "Net-(D2-Pad1)")
    (add_net "Net-(J1-Pad2)")
    (add_net "Net-(J1-Pad3)")
    (add_net "Net-(J1-Pad4)")
    (add_net "Net-(R1-Pad2)")
    (add_net "Net-(R11-Pad1)")
    (add_net "Net-(R12-Pad1)")
    (add_net "Net-(R2-Pad1)")
    (add_net "Net-(U4-Pad14)")
    (add_net "Net-(U4-Pad17)")
    (add_net "Net-(U4-Pad18)")
    (add_net "Net-(U4-Pad19)")
    (add_net "Net-(U4-Pad20)")
    (add_net "Net-(U4-Pad27)")
    (add_net "Net-(U4-Pad28)")
    (add_net "Net-(U4-Pad32)")
    (add_net "Net-(U4-Pad33)")
    (add_net "Net-(U4-Pad36)")
    (add_net "Net-(U4-Pad4)")
    (add_net "Net-(U4-Pad5)")
    (add_net "Net-(U4-Pad6)")
    (add_net "Net-(U4-Pad7)")
    (add_net "Net-(U4-Pad8)")
    (add_net "Net-(U4-Pad9)")
    (add_net RESET_TFT)
    (add_net SCL)
    (add_net SCLK_CAM)
    (add_net SCLK_TFT)
    (add_net SDA)
  )

  (module AMG8833:XDCR_AMG8833 (layer F.Cu) (tedit 5E8FC629) (tstamp 5E92A062)
    (at 180.5 37.5 270)
    (path /5E8FCED7)
    (fp_text reference U2 (at -3.330345 -5.393685 90) (layer F.SilkS)
      (effects (font (size 1.001614 1.001614) (thickness 0.015)))
    )
    (fp_text value AMG8833 (at 1.12305 5.63009 90) (layer F.Fab)
      (effects (font (size 1.002693 1.002693) (thickness 0.015)))
    )
    (fp_circle (center -6.85 4.05) (end -6.45 4.05) (layer F.SilkS) (width 0.1))
    (fp_line (start 6.25 -4.75) (end -6.25 -4.75) (layer F.CrtYd) (width 0.05))
    (fp_line (start 6.25 4.75) (end 6.25 -4.75) (layer F.CrtYd) (width 0.05))
    (fp_line (start -6.25 4.75) (end 6.25 4.75) (layer F.CrtYd) (width 0.05))
    (fp_line (start -6.25 -4.75) (end -6.25 4.75) (layer F.CrtYd) (width 0.05))
    (fp_line (start 5.8 -4) (end -5.8 -4) (layer F.Fab) (width 0.127))
    (fp_line (start 5.8 4) (end 5.8 -4) (layer F.Fab) (width 0.127))
    (fp_line (start -5.8 4) (end 5.8 4) (layer F.Fab) (width 0.127))
    (fp_line (start -5.8 -4) (end -5.8 4) (layer F.Fab) (width 0.127))
    (pad 13 smd rect (at -2.54 -3.05 270) (size 0.7 2.6) (layers F.Cu F.Paste F.Mask)
      (net 2 +3V3))
    (pad 12 smd rect (at -1.27 -3.05 270) (size 0.7 2.6) (layers F.Cu F.Paste F.Mask)
      (net 3 "Net-(C4-Pad1)"))
    (pad 11 smd rect (at 0 -3.05 270) (size 0.7 2.6) (layers F.Cu F.Paste F.Mask))
    (pad 10 smd rect (at 1.27 -3.05 270) (size 0.7 2.6) (layers F.Cu F.Paste F.Mask)
      (net 5 "Net-(C5-Pad1)"))
    (pad 9 smd rect (at 2.54 -3.05 270) (size 0.7 2.6) (layers F.Cu F.Paste F.Mask)
      (net 2 +3V3))
    (pad 6 smd rect (at 2.54 3.05 270) (size 0.7 2.6) (layers F.Cu F.Paste F.Mask)
      (net 1 GND))
    (pad 5 smd rect (at 1.27 3.05 270) (size 0.7 2.6) (layers F.Cu F.Paste F.Mask)
      (net 6 "Net-(R1-Pad2)"))
    (pad 4 smd rect (at 0 3.05 270) (size 0.7 2.6) (layers F.Cu F.Paste F.Mask)
      (net 7 "Net-(R2-Pad1)"))
    (pad 3 smd rect (at -1.27 3.05 270) (size 0.7 2.6) (layers F.Cu F.Paste F.Mask)
      (net 14 SCL))
    (pad 2 smd rect (at -2.54 3.05 270) (size 0.7 2.6) (layers F.Cu F.Paste F.Mask)
      (net 15 SDA))
    (pad 8 smd rect (at 5.5 -3.05 270) (size 0.8 2.6) (layers F.Cu F.Paste F.Mask))
    (pad 7 smd rect (at 5.5 3.05 270) (size 0.8 2.6) (layers F.Cu F.Paste F.Mask))
    (pad 1 smd rect (at -5.5 2.55 270) (size 0.8 3.6) (layers F.Cu F.Paste F.Mask))
    (pad 14 smd rect (at -5.5 -3.05 270) (size 0.8 2.6) (layers F.Cu F.Paste F.Mask))
  )

  (module Diode_SMD:D_1206_3216Metric (layer F.Cu) (tedit 5B301BBE) (tstamp 5EB04B2A)
    (at 92 37 180)
    (descr "Diode SMD 1206 (3216 Metric), square (rectangular) end terminal, IPC_7351 nominal, (Body size source: http://www.tortai-tech.com/upload/download/2011102023233369053.pdf), generated with kicad-footprint-generator")
    (tags diode)
    (path /5EB07070)
    (attr smd)
    (fp_text reference D3 (at 0 -1.82) (layer F.SilkS)
      (effects (font (size 1 1) (thickness 0.15)))
    )
    (fp_text value D_Schottky (at 0 1.82) (layer F.Fab)
      (effects (font (size 1 1) (thickness 0.15)))
    )
    (fp_text user %R (at 0 0) (layer F.Fab)
      (effects (font (size 0.8 0.8) (thickness 0.12)))
    )
    (fp_line (start 2.28 1.12) (end -2.28 1.12) (layer F.CrtYd) (width 0.05))
    (fp_line (start 2.28 -1.12) (end 2.28 1.12) (layer F.CrtYd) (width 0.05))
    (fp_line (start -2.28 -1.12) (end 2.28 -1.12) (layer F.CrtYd) (width 0.05))
    (fp_line (start -2.28 1.12) (end -2.28 -1.12) (layer F.CrtYd) (width 0.05))
    (fp_line (start -2.285 1.135) (end 1.6 1.135) (layer F.SilkS) (width 0.12))
    (fp_line (start -2.285 -1.135) (end -2.285 1.135) (layer F.SilkS) (width 0.12))
    (fp_line (start 1.6 -1.135) (end -2.285 -1.135) (layer F.SilkS) (width 0.12))
    (fp_line (start 1.6 0.8) (end 1.6 -0.8) (layer F.Fab) (width 0.1))
    (fp_line (start -1.6 0.8) (end 1.6 0.8) (layer F.Fab) (width 0.1))
    (fp_line (start -1.6 -0.4) (end -1.6 0.8) (layer F.Fab) (width 0.1))
    (fp_line (start -1.2 -0.8) (end -1.6 -0.4) (layer F.Fab) (width 0.1))
    (fp_line (start 1.6 -0.8) (end -1.2 -0.8) (layer F.Fab) (width 0.1))
    (pad 2 smd roundrect (at 1.4 0 180) (size 1.25 1.75) (layers F.Cu F.Paste F.Mask) (roundrect_rratio 0.2)
      (net 32 +5V))
    (pad 1 smd roundrect (at -1.4 0 180) (size 1.25 1.75) (layers F.Cu F.Paste F.Mask) (roundrect_rratio 0.2)
      (net 28 "Net-(C11-Pad1)"))
    (model ${KISYS3DMOD}/Diode_SMD.3dshapes/D_1206_3216Metric.wrl
      (at (xyz 0 0 0))
      (scale (xyz 1 1 1))
      (rotate (xyz 0 0 0))
    )
  )

  (module MountingHole:MountingHole_2.2mm_M2 (layer F.Cu) (tedit 56D1B4CB) (tstamp 5EB024E8)
    (at 206 22)
    (descr "Mounting Hole 2.2mm, no annular, M2")
    (tags "mounting hole 2.2mm no annular m2")
    (path /5EB8440B)
    (attr virtual)
    (fp_text reference H4 (at 0 -3.2) (layer F.SilkS)
      (effects (font (size 1 1) (thickness 0.15)))
    )
    (fp_text value MountingHole (at 0 3.2) (layer F.Fab)
      (effects (font (size 1 1) (thickness 0.15)))
    )
    (fp_circle (center 0 0) (end 2.45 0) (layer F.CrtYd) (width 0.05))
    (fp_circle (center 0 0) (end 2.2 0) (layer Cmts.User) (width 0.15))
    (fp_text user %R (at 0.3 0) (layer F.Fab)
      (effects (font (size 1 1) (thickness 0.15)))
    )
    (pad 1 np_thru_hole circle (at 0 0) (size 2.2 2.2) (drill 2.2) (layers *.Cu *.Mask))
  )

  (module Button_Switch_SMD:SW_SPST_EVQP2 (layer B.Cu) (tedit 5A02FC95) (tstamp 5EAF9DD2)
    (at 158.5 27.5 90)
    (descr "Light Touch Switch")
    (path /5EB292BE)
    (attr smd)
    (fp_text reference SW3 (at 0 2.75 -90) (layer B.SilkS)
      (effects (font (size 1 1) (thickness 0.15)) (justify mirror))
    )
    (fp_text value SW_Push (at 0 -3 -90) (layer B.Fab)
      (effects (font (size 1 1) (thickness 0.15)) (justify mirror))
    )
    (fp_circle (center 0 0) (end 0.9 0) (layer B.Fab) (width 0.1))
    (fp_line (start -2.45 -1.75) (end 2.45 -1.75) (layer B.SilkS) (width 0.12))
    (fp_line (start 2.45 1.75) (end -2.45 1.75) (layer B.SilkS) (width 0.12))
    (fp_line (start 2.45 0.35) (end 2.45 -0.35) (layer B.SilkS) (width 0.12))
    (fp_line (start -2.45 0.35) (end -2.45 -0.35) (layer B.SilkS) (width 0.12))
    (fp_line (start -2.45 1.75) (end -2.45 1.65) (layer B.SilkS) (width 0.12))
    (fp_line (start -2.45 -1.65) (end -2.45 -1.75) (layer B.SilkS) (width 0.12))
    (fp_line (start 2.45 -1.75) (end 2.45 -1.65) (layer B.SilkS) (width 0.12))
    (fp_line (start 2.45 1.75) (end 2.45 1.65) (layer B.SilkS) (width 0.12))
    (fp_line (start -3.55 -2) (end -3.55 2) (layer B.CrtYd) (width 0.05))
    (fp_line (start 3.55 -2) (end -3.55 -2) (layer B.CrtYd) (width 0.05))
    (fp_line (start 3.55 2) (end 3.55 -2) (layer B.CrtYd) (width 0.05))
    (fp_line (start -3.55 2) (end 3.55 2) (layer B.CrtYd) (width 0.05))
    (fp_text user %R (at 0 2.75 -90) (layer B.Fab)
      (effects (font (size 1 1) (thickness 0.15)) (justify mirror))
    )
    (fp_line (start -2.35 -1.75) (end -2.35 1.75) (layer B.Fab) (width 0.1))
    (fp_line (start 2.35 -1.75) (end -2.35 -1.75) (layer B.Fab) (width 0.1))
    (fp_line (start 2.35 1.75) (end 2.35 -1.75) (layer B.Fab) (width 0.1))
    (fp_line (start -2.35 1.75) (end 2.35 1.75) (layer B.Fab) (width 0.1))
    (pad 2 smd rect (at 2.58 -1 90) (size 1.45 0.7) (layers B.Cu B.Paste B.Mask)
      (net 1 GND))
    (pad 2 smd rect (at -2.58 -1 90) (size 1.45 0.7) (layers B.Cu B.Paste B.Mask)
      (net 1 GND))
    (pad 1 smd rect (at -2.58 1 90) (size 1.45 0.7) (layers B.Cu B.Paste B.Mask)
      (net 30 "Net-(R12-Pad1)"))
    (pad 1 smd rect (at 2.58 1 90) (size 1.45 0.7) (layers B.Cu B.Paste B.Mask)
      (net 30 "Net-(R12-Pad1)"))
    (model ${KISYS3DMOD}/Button_Switch_SMD.3dshapes/SW_SPST_EVQP2.wrl
      (at (xyz 0 0 0))
      (scale (xyz 1 1 1))
      (rotate (xyz 0 0 0))
    )
  )

  (module Button_Switch_SMD:SW_SPST_EVQP2 (layer B.Cu) (tedit 5A02FC95) (tstamp 5EAF9D9C)
    (at 158.5 47.5 90)
    (descr "Light Touch Switch")
    (path /5EB23DC5)
    (attr smd)
    (fp_text reference SW2 (at 0 2.75 -90) (layer B.SilkS)
      (effects (font (size 1 1) (thickness 0.15)) (justify mirror))
    )
    (fp_text value SW_Push (at 0 -3 -90) (layer B.Fab)
      (effects (font (size 1 1) (thickness 0.15)) (justify mirror))
    )
    (fp_circle (center 0 0) (end 0.9 0) (layer B.Fab) (width 0.1))
    (fp_line (start -2.45 -1.75) (end 2.45 -1.75) (layer B.SilkS) (width 0.12))
    (fp_line (start 2.45 1.75) (end -2.45 1.75) (layer B.SilkS) (width 0.12))
    (fp_line (start 2.45 0.35) (end 2.45 -0.35) (layer B.SilkS) (width 0.12))
    (fp_line (start -2.45 0.35) (end -2.45 -0.35) (layer B.SilkS) (width 0.12))
    (fp_line (start -2.45 1.75) (end -2.45 1.65) (layer B.SilkS) (width 0.12))
    (fp_line (start -2.45 -1.65) (end -2.45 -1.75) (layer B.SilkS) (width 0.12))
    (fp_line (start 2.45 -1.75) (end 2.45 -1.65) (layer B.SilkS) (width 0.12))
    (fp_line (start 2.45 1.75) (end 2.45 1.65) (layer B.SilkS) (width 0.12))
    (fp_line (start -3.55 -2) (end -3.55 2) (layer B.CrtYd) (width 0.05))
    (fp_line (start 3.55 -2) (end -3.55 -2) (layer B.CrtYd) (width 0.05))
    (fp_line (start 3.55 2) (end 3.55 -2) (layer B.CrtYd) (width 0.05))
    (fp_line (start -3.55 2) (end 3.55 2) (layer B.CrtYd) (width 0.05))
    (fp_text user %R (at 0 2.75 -90) (layer B.Fab)
      (effects (font (size 1 1) (thickness 0.15)) (justify mirror))
    )
    (fp_line (start -2.35 -1.75) (end -2.35 1.75) (layer B.Fab) (width 0.1))
    (fp_line (start 2.35 -1.75) (end -2.35 -1.75) (layer B.Fab) (width 0.1))
    (fp_line (start 2.35 1.75) (end 2.35 -1.75) (layer B.Fab) (width 0.1))
    (fp_line (start -2.35 1.75) (end 2.35 1.75) (layer B.Fab) (width 0.1))
    (pad 2 smd rect (at 2.58 -1 90) (size 1.45 0.7) (layers B.Cu B.Paste B.Mask)
      (net 1 GND))
    (pad 2 smd rect (at -2.58 -1 90) (size 1.45 0.7) (layers B.Cu B.Paste B.Mask)
      (net 1 GND))
    (pad 1 smd rect (at -2.58 1 90) (size 1.45 0.7) (layers B.Cu B.Paste B.Mask)
      (net 29 "Net-(R11-Pad1)"))
    (pad 1 smd rect (at 2.58 1 90) (size 1.45 0.7) (layers B.Cu B.Paste B.Mask)
      (net 29 "Net-(R11-Pad1)"))
    (model ${KISYS3DMOD}/Button_Switch_SMD.3dshapes/SW_SPST_EVQP2.wrl
      (at (xyz 0 0 0))
      (scale (xyz 1 1 1))
      (rotate (xyz 0 0 0))
    )
  )

  (module Button_Switch_SMD:SW_SPST_EVQP2 (layer F.Cu) (tedit 5A02FC95) (tstamp 5EB05018)
    (at 97 23)
    (descr "Light Touch Switch")
    (path /5EB06D35)
    (attr smd)
    (fp_text reference BOOT1 (at 0 -2.75) (layer F.SilkS)
      (effects (font (size 1 1) (thickness 0.15)))
    )
    (fp_text value SW_Push (at 0 3) (layer F.Fab)
      (effects (font (size 1 1) (thickness 0.15)))
    )
    (fp_circle (center 0 0) (end 0.9 0) (layer F.Fab) (width 0.1))
    (fp_line (start -2.45 1.75) (end 2.45 1.75) (layer F.SilkS) (width 0.12))
    (fp_line (start 2.45 -1.75) (end -2.45 -1.75) (layer F.SilkS) (width 0.12))
    (fp_line (start 2.45 -0.35) (end 2.45 0.35) (layer F.SilkS) (width 0.12))
    (fp_line (start -2.45 -0.35) (end -2.45 0.35) (layer F.SilkS) (width 0.12))
    (fp_line (start -2.45 -1.75) (end -2.45 -1.65) (layer F.SilkS) (width 0.12))
    (fp_line (start -2.45 1.65) (end -2.45 1.75) (layer F.SilkS) (width 0.12))
    (fp_line (start 2.45 1.75) (end 2.45 1.65) (layer F.SilkS) (width 0.12))
    (fp_line (start 2.45 -1.75) (end 2.45 -1.65) (layer F.SilkS) (width 0.12))
    (fp_line (start -3.55 2) (end -3.55 -2) (layer F.CrtYd) (width 0.05))
    (fp_line (start 3.55 2) (end -3.55 2) (layer F.CrtYd) (width 0.05))
    (fp_line (start 3.55 -2) (end 3.55 2) (layer F.CrtYd) (width 0.05))
    (fp_line (start -3.55 -2) (end 3.55 -2) (layer F.CrtYd) (width 0.05))
    (fp_text user %R (at 0 -2.75) (layer F.Fab)
      (effects (font (size 1 1) (thickness 0.15)))
    )
    (fp_line (start -2.35 1.75) (end -2.35 -1.75) (layer F.Fab) (width 0.1))
    (fp_line (start 2.35 1.75) (end -2.35 1.75) (layer F.Fab) (width 0.1))
    (fp_line (start 2.35 -1.75) (end 2.35 1.75) (layer F.Fab) (width 0.1))
    (fp_line (start -2.35 -1.75) (end 2.35 -1.75) (layer F.Fab) (width 0.1))
    (pad 2 smd rect (at 2.58 1) (size 1.45 0.7) (layers F.Cu F.Paste F.Mask)
      (net 1 GND))
    (pad 2 smd rect (at -2.58 1) (size 1.45 0.7) (layers F.Cu F.Paste F.Mask)
      (net 1 GND))
    (pad 1 smd rect (at -2.58 -1) (size 1.45 0.7) (layers F.Cu F.Paste F.Mask)
      (net 31 "Net-(BOOT1-Pad1)"))
    (pad 1 smd rect (at 2.58 -1) (size 1.45 0.7) (layers F.Cu F.Paste F.Mask)
      (net 31 "Net-(BOOT1-Pad1)"))
    (model ${KISYS3DMOD}/Button_Switch_SMD.3dshapes/SW_SPST_EVQP2.wrl
      (at (xyz 0 0 0))
      (scale (xyz 1 1 1))
      (rotate (xyz 0 0 0))
    )
  )

  (module Resistor_SMD:R_1206_3216Metric (layer B.Cu) (tedit 5B301BBD) (tstamp 5EAF9CFC)
    (at 154 27.75 90)
    (descr "Resistor SMD 1206 (3216 Metric), square (rectangular) end terminal, IPC_7351 nominal, (Body size source: http://www.tortai-tech.com/upload/download/2011102023233369053.pdf), generated with kicad-footprint-generator")
    (tags resistor)
    (path /5EB28D69)
    (attr smd)
    (fp_text reference R12 (at 0 1.82 -90) (layer B.SilkS)
      (effects (font (size 1 1) (thickness 0.15)) (justify mirror))
    )
    (fp_text value 1K (at 0 -1.82 -90) (layer B.Fab)
      (effects (font (size 1 1) (thickness 0.15)) (justify mirror))
    )
    (fp_text user %R (at 0 0 -90) (layer B.Fab)
      (effects (font (size 0.8 0.8) (thickness 0.12)) (justify mirror))
    )
    (fp_line (start 2.28 -1.12) (end -2.28 -1.12) (layer B.CrtYd) (width 0.05))
    (fp_line (start 2.28 1.12) (end 2.28 -1.12) (layer B.CrtYd) (width 0.05))
    (fp_line (start -2.28 1.12) (end 2.28 1.12) (layer B.CrtYd) (width 0.05))
    (fp_line (start -2.28 -1.12) (end -2.28 1.12) (layer B.CrtYd) (width 0.05))
    (fp_line (start -0.602064 -0.91) (end 0.602064 -0.91) (layer B.SilkS) (width 0.12))
    (fp_line (start -0.602064 0.91) (end 0.602064 0.91) (layer B.SilkS) (width 0.12))
    (fp_line (start 1.6 -0.8) (end -1.6 -0.8) (layer B.Fab) (width 0.1))
    (fp_line (start 1.6 0.8) (end 1.6 -0.8) (layer B.Fab) (width 0.1))
    (fp_line (start -1.6 0.8) (end 1.6 0.8) (layer B.Fab) (width 0.1))
    (fp_line (start -1.6 -0.8) (end -1.6 0.8) (layer B.Fab) (width 0.1))
    (pad 2 smd roundrect (at 1.4 0 90) (size 1.25 1.75) (layers B.Cu B.Paste B.Mask) (roundrect_rratio 0.2)
      (net 27 BUTTON1))
    (pad 1 smd roundrect (at -1.4 0 90) (size 1.25 1.75) (layers B.Cu B.Paste B.Mask) (roundrect_rratio 0.2)
      (net 30 "Net-(R12-Pad1)"))
    (model ${KISYS3DMOD}/Resistor_SMD.3dshapes/R_1206_3216Metric.wrl
      (at (xyz 0 0 0))
      (scale (xyz 1 1 1))
      (rotate (xyz 0 0 0))
    )
  )

  (module Resistor_SMD:R_1206_3216Metric (layer B.Cu) (tedit 5B301BBD) (tstamp 5EAF9CEB)
    (at 154 47.5 90)
    (descr "Resistor SMD 1206 (3216 Metric), square (rectangular) end terminal, IPC_7351 nominal, (Body size source: http://www.tortai-tech.com/upload/download/2011102023233369053.pdf), generated with kicad-footprint-generator")
    (tags resistor)
    (path /5EB239A6)
    (attr smd)
    (fp_text reference R11 (at 0 1.82 -90) (layer B.SilkS)
      (effects (font (size 1 1) (thickness 0.15)) (justify mirror))
    )
    (fp_text value 1K (at 0 -1.82 -90) (layer B.Fab)
      (effects (font (size 1 1) (thickness 0.15)) (justify mirror))
    )
    (fp_text user %R (at 0 0 -90) (layer B.Fab)
      (effects (font (size 0.8 0.8) (thickness 0.12)) (justify mirror))
    )
    (fp_line (start 2.28 -1.12) (end -2.28 -1.12) (layer B.CrtYd) (width 0.05))
    (fp_line (start 2.28 1.12) (end 2.28 -1.12) (layer B.CrtYd) (width 0.05))
    (fp_line (start -2.28 1.12) (end 2.28 1.12) (layer B.CrtYd) (width 0.05))
    (fp_line (start -2.28 -1.12) (end -2.28 1.12) (layer B.CrtYd) (width 0.05))
    (fp_line (start -0.602064 -0.91) (end 0.602064 -0.91) (layer B.SilkS) (width 0.12))
    (fp_line (start -0.602064 0.91) (end 0.602064 0.91) (layer B.SilkS) (width 0.12))
    (fp_line (start 1.6 -0.8) (end -1.6 -0.8) (layer B.Fab) (width 0.1))
    (fp_line (start 1.6 0.8) (end 1.6 -0.8) (layer B.Fab) (width 0.1))
    (fp_line (start -1.6 0.8) (end 1.6 0.8) (layer B.Fab) (width 0.1))
    (fp_line (start -1.6 -0.8) (end -1.6 0.8) (layer B.Fab) (width 0.1))
    (pad 2 smd roundrect (at 1.4 0 90) (size 1.25 1.75) (layers B.Cu B.Paste B.Mask) (roundrect_rratio 0.2)
      (net 26 BUTTON0))
    (pad 1 smd roundrect (at -1.4 0 90) (size 1.25 1.75) (layers B.Cu B.Paste B.Mask) (roundrect_rratio 0.2)
      (net 29 "Net-(R11-Pad1)"))
    (model ${KISYS3DMOD}/Resistor_SMD.3dshapes/R_1206_3216Metric.wrl
      (at (xyz 0 0 0))
      (scale (xyz 1 1 1))
      (rotate (xyz 0 0 0))
    )
  )

  (module Resistor_SMD:R_1206_3216Metric (layer F.Cu) (tedit 5B301BBD) (tstamp 5EAF9CDA)
    (at 91 23 270)
    (descr "Resistor SMD 1206 (3216 Metric), square (rectangular) end terminal, IPC_7351 nominal, (Body size source: http://www.tortai-tech.com/upload/download/2011102023233369053.pdf), generated with kicad-footprint-generator")
    (tags resistor)
    (path /5EB1D2FA)
    (attr smd)
    (fp_text reference R10 (at 0 -1.82 90) (layer F.SilkS)
      (effects (font (size 1 1) (thickness 0.15)))
    )
    (fp_text value 1K (at 0 1.82 90) (layer F.Fab)
      (effects (font (size 1 1) (thickness 0.15)))
    )
    (fp_text user %R (at 0 0 90) (layer F.Fab)
      (effects (font (size 0.8 0.8) (thickness 0.12)))
    )
    (fp_line (start 2.28 1.12) (end -2.28 1.12) (layer F.CrtYd) (width 0.05))
    (fp_line (start 2.28 -1.12) (end 2.28 1.12) (layer F.CrtYd) (width 0.05))
    (fp_line (start -2.28 -1.12) (end 2.28 -1.12) (layer F.CrtYd) (width 0.05))
    (fp_line (start -2.28 1.12) (end -2.28 -1.12) (layer F.CrtYd) (width 0.05))
    (fp_line (start -0.602064 0.91) (end 0.602064 0.91) (layer F.SilkS) (width 0.12))
    (fp_line (start -0.602064 -0.91) (end 0.602064 -0.91) (layer F.SilkS) (width 0.12))
    (fp_line (start 1.6 0.8) (end -1.6 0.8) (layer F.Fab) (width 0.1))
    (fp_line (start 1.6 -0.8) (end 1.6 0.8) (layer F.Fab) (width 0.1))
    (fp_line (start -1.6 -0.8) (end 1.6 -0.8) (layer F.Fab) (width 0.1))
    (fp_line (start -1.6 0.8) (end -1.6 -0.8) (layer F.Fab) (width 0.1))
    (pad 2 smd roundrect (at 1.4 0 270) (size 1.25 1.75) (layers F.Cu F.Paste F.Mask) (roundrect_rratio 0.2)
      (net 25 BOOT0))
    (pad 1 smd roundrect (at -1.4 0 270) (size 1.25 1.75) (layers F.Cu F.Paste F.Mask) (roundrect_rratio 0.2)
      (net 31 "Net-(BOOT1-Pad1)"))
    (model ${KISYS3DMOD}/Resistor_SMD.3dshapes/R_1206_3216Metric.wrl
      (at (xyz 0 0 0))
      (scale (xyz 1 1 1))
      (rotate (xyz 0 0 0))
    )
  )

  (module Resistor_SMD:R_1206_3216Metric (layer F.Cu) (tedit 5B301BBD) (tstamp 5EAF9CC9)
    (at 111.5 29.25)
    (descr "Resistor SMD 1206 (3216 Metric), square (rectangular) end terminal, IPC_7351 nominal, (Body size source: http://www.tortai-tech.com/upload/download/2011102023233369053.pdf), generated with kicad-footprint-generator")
    (tags resistor)
    (path /5EB28768)
    (attr smd)
    (fp_text reference R9 (at 0 -1.82) (layer F.SilkS)
      (effects (font (size 1 1) (thickness 0.15)))
    )
    (fp_text value 10K (at 0 1.82) (layer F.Fab)
      (effects (font (size 1 1) (thickness 0.15)))
    )
    (fp_text user %R (at 0 0) (layer F.Fab)
      (effects (font (size 0.8 0.8) (thickness 0.12)))
    )
    (fp_line (start 2.28 1.12) (end -2.28 1.12) (layer F.CrtYd) (width 0.05))
    (fp_line (start 2.28 -1.12) (end 2.28 1.12) (layer F.CrtYd) (width 0.05))
    (fp_line (start -2.28 -1.12) (end 2.28 -1.12) (layer F.CrtYd) (width 0.05))
    (fp_line (start -2.28 1.12) (end -2.28 -1.12) (layer F.CrtYd) (width 0.05))
    (fp_line (start -0.602064 0.91) (end 0.602064 0.91) (layer F.SilkS) (width 0.12))
    (fp_line (start -0.602064 -0.91) (end 0.602064 -0.91) (layer F.SilkS) (width 0.12))
    (fp_line (start 1.6 0.8) (end -1.6 0.8) (layer F.Fab) (width 0.1))
    (fp_line (start 1.6 -0.8) (end 1.6 0.8) (layer F.Fab) (width 0.1))
    (fp_line (start -1.6 -0.8) (end 1.6 -0.8) (layer F.Fab) (width 0.1))
    (fp_line (start -1.6 0.8) (end -1.6 -0.8) (layer F.Fab) (width 0.1))
    (pad 2 smd roundrect (at 1.4 0) (size 1.25 1.75) (layers F.Cu F.Paste F.Mask) (roundrect_rratio 0.2)
      (net 2 +3V3))
    (pad 1 smd roundrect (at -1.4 0) (size 1.25 1.75) (layers F.Cu F.Paste F.Mask) (roundrect_rratio 0.2)
      (net 27 BUTTON1))
    (model ${KISYS3DMOD}/Resistor_SMD.3dshapes/R_1206_3216Metric.wrl
      (at (xyz 0 0 0))
      (scale (xyz 1 1 1))
      (rotate (xyz 0 0 0))
    )
  )

  (module Resistor_SMD:R_1206_3216Metric (layer F.Cu) (tedit 5B301BBD) (tstamp 5EAF9CB8)
    (at 111.5 33 180)
    (descr "Resistor SMD 1206 (3216 Metric), square (rectangular) end terminal, IPC_7351 nominal, (Body size source: http://www.tortai-tech.com/upload/download/2011102023233369053.pdf), generated with kicad-footprint-generator")
    (tags resistor)
    (path /5EB236D7)
    (attr smd)
    (fp_text reference R8 (at 0 1.75 180) (layer F.SilkS)
      (effects (font (size 1 1) (thickness 0.15)))
    )
    (fp_text value 10K (at 0 1.82) (layer F.Fab)
      (effects (font (size 1 1) (thickness 0.15)))
    )
    (fp_text user %R (at 0 0) (layer F.Fab)
      (effects (font (size 0.8 0.8) (thickness 0.12)))
    )
    (fp_line (start 2.28 1.12) (end -2.28 1.12) (layer F.CrtYd) (width 0.05))
    (fp_line (start 2.28 -1.12) (end 2.28 1.12) (layer F.CrtYd) (width 0.05))
    (fp_line (start -2.28 -1.12) (end 2.28 -1.12) (layer F.CrtYd) (width 0.05))
    (fp_line (start -2.28 1.12) (end -2.28 -1.12) (layer F.CrtYd) (width 0.05))
    (fp_line (start -0.602064 0.91) (end 0.602064 0.91) (layer F.SilkS) (width 0.12))
    (fp_line (start -0.602064 -0.91) (end 0.602064 -0.91) (layer F.SilkS) (width 0.12))
    (fp_line (start 1.6 0.8) (end -1.6 0.8) (layer F.Fab) (width 0.1))
    (fp_line (start 1.6 -0.8) (end 1.6 0.8) (layer F.Fab) (width 0.1))
    (fp_line (start -1.6 -0.8) (end 1.6 -0.8) (layer F.Fab) (width 0.1))
    (fp_line (start -1.6 0.8) (end -1.6 -0.8) (layer F.Fab) (width 0.1))
    (pad 2 smd roundrect (at 1.4 0 180) (size 1.25 1.75) (layers F.Cu F.Paste F.Mask) (roundrect_rratio 0.2)
      (net 2 +3V3))
    (pad 1 smd roundrect (at -1.4 0 180) (size 1.25 1.75) (layers F.Cu F.Paste F.Mask) (roundrect_rratio 0.2)
      (net 26 BUTTON0))
    (model ${KISYS3DMOD}/Resistor_SMD.3dshapes/R_1206_3216Metric.wrl
      (at (xyz 0 0 0))
      (scale (xyz 1 1 1))
      (rotate (xyz 0 0 0))
    )
  )

  (module Resistor_SMD:R_1206_3216Metric (layer F.Cu) (tedit 5B301BBD) (tstamp 5EAF9CA7)
    (at 138.5 30.5)
    (descr "Resistor SMD 1206 (3216 Metric), square (rectangular) end terminal, IPC_7351 nominal, (Body size source: http://www.tortai-tech.com/upload/download/2011102023233369053.pdf), generated with kicad-footprint-generator")
    (tags resistor)
    (path /5EB1C342)
    (attr smd)
    (fp_text reference R7 (at 0 -1.82) (layer F.SilkS)
      (effects (font (size 1 1) (thickness 0.15)))
    )
    (fp_text value 10K (at 0 1.82) (layer F.Fab)
      (effects (font (size 1 1) (thickness 0.15)))
    )
    (fp_text user %R (at 0 0) (layer F.Fab)
      (effects (font (size 0.8 0.8) (thickness 0.12)))
    )
    (fp_line (start 2.28 1.12) (end -2.28 1.12) (layer F.CrtYd) (width 0.05))
    (fp_line (start 2.28 -1.12) (end 2.28 1.12) (layer F.CrtYd) (width 0.05))
    (fp_line (start -2.28 -1.12) (end 2.28 -1.12) (layer F.CrtYd) (width 0.05))
    (fp_line (start -2.28 1.12) (end -2.28 -1.12) (layer F.CrtYd) (width 0.05))
    (fp_line (start -0.602064 0.91) (end 0.602064 0.91) (layer F.SilkS) (width 0.12))
    (fp_line (start -0.602064 -0.91) (end 0.602064 -0.91) (layer F.SilkS) (width 0.12))
    (fp_line (start 1.6 0.8) (end -1.6 0.8) (layer F.Fab) (width 0.1))
    (fp_line (start 1.6 -0.8) (end 1.6 0.8) (layer F.Fab) (width 0.1))
    (fp_line (start -1.6 -0.8) (end 1.6 -0.8) (layer F.Fab) (width 0.1))
    (fp_line (start -1.6 0.8) (end -1.6 -0.8) (layer F.Fab) (width 0.1))
    (pad 2 smd roundrect (at 1.4 0) (size 1.25 1.75) (layers F.Cu F.Paste F.Mask) (roundrect_rratio 0.2)
      (net 2 +3V3))
    (pad 1 smd roundrect (at -1.4 0) (size 1.25 1.75) (layers F.Cu F.Paste F.Mask) (roundrect_rratio 0.2)
      (net 25 BOOT0))
    (model ${KISYS3DMOD}/Resistor_SMD.3dshapes/R_1206_3216Metric.wrl
      (at (xyz 0 0 0))
      (scale (xyz 1 1 1))
      (rotate (xyz 0 0 0))
    )
  )

  (module Resistor_SMD:R_1206_3216Metric (layer B.Cu) (tedit 5B301BBD) (tstamp 5EB06275)
    (at 163 41.5 90)
    (descr "Resistor SMD 1206 (3216 Metric), square (rectangular) end terminal, IPC_7351 nominal, (Body size source: http://www.tortai-tech.com/upload/download/2011102023233369053.pdf), generated with kicad-footprint-generator")
    (tags resistor)
    (path /5EB0B3D4)
    (attr smd)
    (fp_text reference R6 (at 0 1.82 90) (layer B.SilkS)
      (effects (font (size 1 1) (thickness 0.15)) (justify mirror))
    )
    (fp_text value 1K (at 0 -1.82 90) (layer B.Fab)
      (effects (font (size 1 1) (thickness 0.15)) (justify mirror))
    )
    (fp_text user %R (at 0 0 90) (layer B.Fab)
      (effects (font (size 0.8 0.8) (thickness 0.12)) (justify mirror))
    )
    (fp_line (start 2.28 -1.12) (end -2.28 -1.12) (layer B.CrtYd) (width 0.05))
    (fp_line (start 2.28 1.12) (end 2.28 -1.12) (layer B.CrtYd) (width 0.05))
    (fp_line (start -2.28 1.12) (end 2.28 1.12) (layer B.CrtYd) (width 0.05))
    (fp_line (start -2.28 -1.12) (end -2.28 1.12) (layer B.CrtYd) (width 0.05))
    (fp_line (start -0.602064 -0.91) (end 0.602064 -0.91) (layer B.SilkS) (width 0.12))
    (fp_line (start -0.602064 0.91) (end 0.602064 0.91) (layer B.SilkS) (width 0.12))
    (fp_line (start 1.6 -0.8) (end -1.6 -0.8) (layer B.Fab) (width 0.1))
    (fp_line (start 1.6 0.8) (end 1.6 -0.8) (layer B.Fab) (width 0.1))
    (fp_line (start -1.6 0.8) (end 1.6 0.8) (layer B.Fab) (width 0.1))
    (fp_line (start -1.6 -0.8) (end -1.6 0.8) (layer B.Fab) (width 0.1))
    (pad 2 smd roundrect (at 1.4 0 90) (size 1.25 1.75) (layers B.Cu B.Paste B.Mask) (roundrect_rratio 0.2)
      (net 24 "Net-(D2-Pad1)"))
    (pad 1 smd roundrect (at -1.4 0 90) (size 1.25 1.75) (layers B.Cu B.Paste B.Mask) (roundrect_rratio 0.2)
      (net 1 GND))
    (model ${KISYS3DMOD}/Resistor_SMD.3dshapes/R_1206_3216Metric.wrl
      (at (xyz 0 0 0))
      (scale (xyz 1 1 1))
      (rotate (xyz 0 0 0))
    )
  )

  (module Resistor_SMD:R_1206_3216Metric (layer B.Cu) (tedit 5B301BBD) (tstamp 5EADD2C8)
    (at 163 33.5 270)
    (descr "Resistor SMD 1206 (3216 Metric), square (rectangular) end terminal, IPC_7351 nominal, (Body size source: http://www.tortai-tech.com/upload/download/2011102023233369053.pdf), generated with kicad-footprint-generator")
    (tags resistor)
    (path /5EAFA78A)
    (attr smd)
    (fp_text reference R4 (at 0 1.82 270) (layer B.SilkS)
      (effects (font (size 1 1) (thickness 0.15)) (justify mirror))
    )
    (fp_text value 1K (at 0 -1.82 270) (layer B.Fab)
      (effects (font (size 1 1) (thickness 0.15)) (justify mirror))
    )
    (fp_text user %R (at 0 0 270) (layer B.Fab)
      (effects (font (size 0.8 0.8) (thickness 0.12)) (justify mirror))
    )
    (fp_line (start 2.28 -1.12) (end -2.28 -1.12) (layer B.CrtYd) (width 0.05))
    (fp_line (start 2.28 1.12) (end 2.28 -1.12) (layer B.CrtYd) (width 0.05))
    (fp_line (start -2.28 1.12) (end 2.28 1.12) (layer B.CrtYd) (width 0.05))
    (fp_line (start -2.28 -1.12) (end -2.28 1.12) (layer B.CrtYd) (width 0.05))
    (fp_line (start -0.602064 -0.91) (end 0.602064 -0.91) (layer B.SilkS) (width 0.12))
    (fp_line (start -0.602064 0.91) (end 0.602064 0.91) (layer B.SilkS) (width 0.12))
    (fp_line (start 1.6 -0.8) (end -1.6 -0.8) (layer B.Fab) (width 0.1))
    (fp_line (start 1.6 0.8) (end 1.6 -0.8) (layer B.Fab) (width 0.1))
    (fp_line (start -1.6 0.8) (end 1.6 0.8) (layer B.Fab) (width 0.1))
    (fp_line (start -1.6 -0.8) (end -1.6 0.8) (layer B.Fab) (width 0.1))
    (pad 2 smd roundrect (at 1.4 0 270) (size 1.25 1.75) (layers B.Cu B.Paste B.Mask) (roundrect_rratio 0.2)
      (net 1 GND))
    (pad 1 smd roundrect (at -1.4 0 270) (size 1.25 1.75) (layers B.Cu B.Paste B.Mask) (roundrect_rratio 0.2)
      (net 22 "Net-(D1-Pad1)"))
    (model ${KISYS3DMOD}/Resistor_SMD.3dshapes/R_1206_3216Metric.wrl
      (at (xyz 0 0 0))
      (scale (xyz 1 1 1))
      (rotate (xyz 0 0 0))
    )
  )

  (module LED_SMD:LED_1206_3216Metric (layer B.Cu) (tedit 5B301BBE) (tstamp 5EADD1DD)
    (at 158.5 40.5 180)
    (descr "LED SMD 1206 (3216 Metric), square (rectangular) end terminal, IPC_7351 nominal, (Body size source: http://www.tortai-tech.com/upload/download/2011102023233369053.pdf), generated with kicad-footprint-generator")
    (tags diode)
    (path /5EB0A864)
    (attr smd)
    (fp_text reference D2 (at 0 1.82) (layer B.SilkS)
      (effects (font (size 1 1) (thickness 0.15)) (justify mirror))
    )
    (fp_text value LED (at 0 -1.82) (layer B.Fab)
      (effects (font (size 1 1) (thickness 0.15)) (justify mirror))
    )
    (fp_text user %R (at 0 0) (layer B.Fab)
      (effects (font (size 0.8 0.8) (thickness 0.12)) (justify mirror))
    )
    (fp_line (start 2.28 -1.12) (end -2.28 -1.12) (layer B.CrtYd) (width 0.05))
    (fp_line (start 2.28 1.12) (end 2.28 -1.12) (layer B.CrtYd) (width 0.05))
    (fp_line (start -2.28 1.12) (end 2.28 1.12) (layer B.CrtYd) (width 0.05))
    (fp_line (start -2.28 -1.12) (end -2.28 1.12) (layer B.CrtYd) (width 0.05))
    (fp_line (start -2.285 -1.135) (end 1.6 -1.135) (layer B.SilkS) (width 0.12))
    (fp_line (start -2.285 1.135) (end -2.285 -1.135) (layer B.SilkS) (width 0.12))
    (fp_line (start 1.6 1.135) (end -2.285 1.135) (layer B.SilkS) (width 0.12))
    (fp_line (start 1.6 -0.8) (end 1.6 0.8) (layer B.Fab) (width 0.1))
    (fp_line (start -1.6 -0.8) (end 1.6 -0.8) (layer B.Fab) (width 0.1))
    (fp_line (start -1.6 0.4) (end -1.6 -0.8) (layer B.Fab) (width 0.1))
    (fp_line (start -1.2 0.8) (end -1.6 0.4) (layer B.Fab) (width 0.1))
    (fp_line (start 1.6 0.8) (end -1.2 0.8) (layer B.Fab) (width 0.1))
    (pad 2 smd roundrect (at 1.4 0 180) (size 1.25 1.75) (layers B.Cu B.Paste B.Mask) (roundrect_rratio 0.2)
      (net 23 LED0))
    (pad 1 smd roundrect (at -1.4 0 180) (size 1.25 1.75) (layers B.Cu B.Paste B.Mask) (roundrect_rratio 0.2)
      (net 24 "Net-(D2-Pad1)"))
    (model ${KISYS3DMOD}/LED_SMD.3dshapes/LED_1206_3216Metric.wrl
      (at (xyz 0 0 0))
      (scale (xyz 1 1 1))
      (rotate (xyz 0 0 0))
    )
  )

  (module LED_SMD:LED_1206_3216Metric (layer B.Cu) (tedit 5B301BBE) (tstamp 5EADD1CA)
    (at 158.5 34.5 180)
    (descr "LED SMD 1206 (3216 Metric), square (rectangular) end terminal, IPC_7351 nominal, (Body size source: http://www.tortai-tech.com/upload/download/2011102023233369053.pdf), generated with kicad-footprint-generator")
    (tags diode)
    (path /5EAF8776)
    (attr smd)
    (fp_text reference D1 (at 0 1.82) (layer B.SilkS)
      (effects (font (size 1 1) (thickness 0.15)) (justify mirror))
    )
    (fp_text value LED (at 0 -1.82) (layer B.Fab)
      (effects (font (size 1 1) (thickness 0.15)) (justify mirror))
    )
    (fp_text user %R (at 0 0) (layer B.Fab)
      (effects (font (size 0.8 0.8) (thickness 0.12)) (justify mirror))
    )
    (fp_line (start 2.28 -1.12) (end -2.28 -1.12) (layer B.CrtYd) (width 0.05))
    (fp_line (start 2.28 1.12) (end 2.28 -1.12) (layer B.CrtYd) (width 0.05))
    (fp_line (start -2.28 1.12) (end 2.28 1.12) (layer B.CrtYd) (width 0.05))
    (fp_line (start -2.28 -1.12) (end -2.28 1.12) (layer B.CrtYd) (width 0.05))
    (fp_line (start -2.285 -1.135) (end 1.6 -1.135) (layer B.SilkS) (width 0.12))
    (fp_line (start -2.285 1.135) (end -2.285 -1.135) (layer B.SilkS) (width 0.12))
    (fp_line (start 1.6 1.135) (end -2.285 1.135) (layer B.SilkS) (width 0.12))
    (fp_line (start 1.6 -0.8) (end 1.6 0.8) (layer B.Fab) (width 0.1))
    (fp_line (start -1.6 -0.8) (end 1.6 -0.8) (layer B.Fab) (width 0.1))
    (fp_line (start -1.6 0.4) (end -1.6 -0.8) (layer B.Fab) (width 0.1))
    (fp_line (start -1.2 0.8) (end -1.6 0.4) (layer B.Fab) (width 0.1))
    (fp_line (start 1.6 0.8) (end -1.2 0.8) (layer B.Fab) (width 0.1))
    (pad 2 smd roundrect (at 1.4 0 180) (size 1.25 1.75) (layers B.Cu B.Paste B.Mask) (roundrect_rratio 0.2)
      (net 2 +3V3))
    (pad 1 smd roundrect (at -1.4 0 180) (size 1.25 1.75) (layers B.Cu B.Paste B.Mask) (roundrect_rratio 0.2)
      (net 22 "Net-(D1-Pad1)"))
    (model ${KISYS3DMOD}/LED_SMD.3dshapes/LED_1206_3216Metric.wrl
      (at (xyz 0 0 0))
      (scale (xyz 1 1 1))
      (rotate (xyz 0 0 0))
    )
  )

  (module Capacitor_SMD:C_1206_3216Metric (layer F.Cu) (tedit 5B301BBE) (tstamp 5EADD1B7)
    (at 92 41 180)
    (descr "Capacitor SMD 1206 (3216 Metric), square (rectangular) end terminal, IPC_7351 nominal, (Body size source: http://www.tortai-tech.com/upload/download/2011102023233369053.pdf), generated with kicad-footprint-generator")
    (tags capacitor)
    (path /5EAEA72C)
    (attr smd)
    (fp_text reference C11 (at 0 -1.82) (layer F.SilkS)
      (effects (font (size 1 1) (thickness 0.15)))
    )
    (fp_text value 10uf (at 0 1.82) (layer F.Fab)
      (effects (font (size 1 1) (thickness 0.15)))
    )
    (fp_text user %R (at 0 0) (layer F.Fab)
      (effects (font (size 0.8 0.8) (thickness 0.12)))
    )
    (fp_line (start 2.28 1.12) (end -2.28 1.12) (layer F.CrtYd) (width 0.05))
    (fp_line (start 2.28 -1.12) (end 2.28 1.12) (layer F.CrtYd) (width 0.05))
    (fp_line (start -2.28 -1.12) (end 2.28 -1.12) (layer F.CrtYd) (width 0.05))
    (fp_line (start -2.28 1.12) (end -2.28 -1.12) (layer F.CrtYd) (width 0.05))
    (fp_line (start -0.602064 0.91) (end 0.602064 0.91) (layer F.SilkS) (width 0.12))
    (fp_line (start -0.602064 -0.91) (end 0.602064 -0.91) (layer F.SilkS) (width 0.12))
    (fp_line (start 1.6 0.8) (end -1.6 0.8) (layer F.Fab) (width 0.1))
    (fp_line (start 1.6 -0.8) (end 1.6 0.8) (layer F.Fab) (width 0.1))
    (fp_line (start -1.6 -0.8) (end 1.6 -0.8) (layer F.Fab) (width 0.1))
    (fp_line (start -1.6 0.8) (end -1.6 -0.8) (layer F.Fab) (width 0.1))
    (pad 2 smd roundrect (at 1.4 0 180) (size 1.25 1.75) (layers F.Cu F.Paste F.Mask) (roundrect_rratio 0.2)
      (net 1 GND))
    (pad 1 smd roundrect (at -1.4 0 180) (size 1.25 1.75) (layers F.Cu F.Paste F.Mask) (roundrect_rratio 0.2)
      (net 28 "Net-(C11-Pad1)"))
    (model ${KISYS3DMOD}/Capacitor_SMD.3dshapes/C_1206_3216Metric.wrl
      (at (xyz 0 0 0))
      (scale (xyz 1 1 1))
      (rotate (xyz 0 0 0))
    )
  )

  (module Resistor_SMD:R_1206_3216Metric (layer F.Cu) (tedit 5B301BBD) (tstamp 5E9C9A66)
    (at 111.5 40.25)
    (descr "Resistor SMD 1206 (3216 Metric), square (rectangular) end terminal, IPC_7351 nominal, (Body size source: http://www.tortai-tech.com/upload/download/2011102023233369053.pdf), generated with kicad-footprint-generator")
    (tags resistor)
    (path /5E9E7830)
    (attr smd)
    (fp_text reference R5 (at 0 -1.75) (layer F.SilkS)
      (effects (font (size 1 1) (thickness 0.15)))
    )
    (fp_text value 10K (at 0 1.82) (layer F.Fab)
      (effects (font (size 1 1) (thickness 0.15)))
    )
    (fp_text user %R (at 0 0) (layer F.Fab)
      (effects (font (size 0.8 0.8) (thickness 0.12)))
    )
    (fp_line (start 2.28 1.12) (end -2.28 1.12) (layer F.CrtYd) (width 0.05))
    (fp_line (start 2.28 -1.12) (end 2.28 1.12) (layer F.CrtYd) (width 0.05))
    (fp_line (start -2.28 -1.12) (end 2.28 -1.12) (layer F.CrtYd) (width 0.05))
    (fp_line (start -2.28 1.12) (end -2.28 -1.12) (layer F.CrtYd) (width 0.05))
    (fp_line (start -0.602064 0.91) (end 0.602064 0.91) (layer F.SilkS) (width 0.12))
